110111111010001100001111
100011110100100101010110
000100111001100101010110
111101001000000111101000
101001010000110111010010
010010000000111101100111
110100010110000001001010
110011001010101011011111
100011010010011001001110
101100010110110001100111
110000100001001101001011
100010001101110100000110
110101110111101100010011
011110010110011111011110
011100110101001110000101
000001011110101101010110
100010000110100000010000
000110101100011001001000
110001001110111001110011
100001000110100110010001
011110011011001011000010
101110100110011001101110
101100001111000100000110
000111000110001010111011
001100000101100100100010
100000100001011100001011
001010111111100100100100
001101001101000100110000
101100001100111111110011
011001000001100101111111
110100001111011111101000
110110010100100001011010
010101001110111100010000
010111011100000110011000
010101111000000001100100
001110010010011110101100
010011100100101001011110
011010000110101011111101
000001100110001011001110
001010000010011010001111
100001000011101110110111
000100010010000100110101
010111110110011001000001
010110110010101101001111
101011110111010110100001
001001010100000101011101
101100000010011100111010
001110101110100110010111
101001100100011101110100
001101101001111001010000
101110101110111110010010
100010111100111011010100
001001100001101011000001
000011001111101001111101
011011101100010011011000
101100011100111011100101
000100101101100100000111
000100010100100001001010
111101101111000101001111
000011011010001000011110
110110011000010001010011
000110110001101111110100
001111001101010010111001
110011101101011000010000
001101010101010111010100
011001110100100001111101
010101001001010001000010
001010010001111100101100
101100101110101100110000
101100000010100011001100
110100001011010000011101
000010101001111111101110
010110110110101111001110
110001111001001010010010
000100000101100011110011
101111100000001100110001
011010101101001111011100
101111101111010000001101
010100111001101101110100
000100010101110001000110
111001010011010011000001
110100011110111101101100
100110010011100101001011
101001110110100100010001
000101100010010101101000
010011011111010001001011
101111000110011000000110
000101000000000110011001
001010010110011011110100
110011011101010000001100
110001101110100001000010
110000010010111100000011
101110011000100110100111
110110111100111110111010
010010011101001101101110
001010110110010110011011
010011101010011110011000
011100111001110010010101
000000111111101100011001
111110101000111110001111
011011111011000100100001
111100010110011111110001
111001100101100011010100
101100101110110111001001
1100