_C_75ac_60922e3c_7 8c 0 c8 0 0 4e554c4c 0 77617320 0 646c6520 0 2068616e 0 66696c65 0 6174615f 0 64 
_C_75ac_60922e3c_6 8c 0 8 0 0 72 
_C_75ac_60922e3c_1 8c 0 70 0 0 2e766364 0 65737431 0 6e675f74 0 7472 
_C_75ac_60922e3c_5 8c 0 68 0 0 2e747874 0 66696c65 0 6174615f 0 64 
_C_75ac_60922e3c_a 8c 0 18 0 0 25640a 
_C_75ac_60922e3c_b 8c 0 10 0 0 2562 
_C_75ac_60922e3c_4 8c 0 48 0 0 2073696d 0 74617274 0 73 
_C_75ac_60922e3c_2 84 0 20 0 0 0 
_C_75ac_60922e3c_3 84 0 20 0 0 1 
_C_75ac_60922e3c_8 8c 0 120 0 0 636c6573 0 30206379 0 72203130 0 61667465 0 6f757420 0 696e6720 0 2054696d 0 7572653a 0 4661696c 
